0 0.6922398307566414
1 1.8060359013893852
2 0.8766259279024383
3 -0.44999901072875625
4 1.4151640389152158
5 -0.38699091346637604
6 0.6633709007898034
7 -0.7958263738620155
8 -0.6461781474547138
9 -0.8729145430178575
10 -0.27156047491740287
11 0.4769061020737317
12 -2.8181253599541396
13 23.932157085104762
14 -2.1108239393987422
15 -1.2876887705155862
16 0.05630391318620348
17 0.22200331000378493
18 1.6721667597414618
19 0.8850915523280941
20 1.6062541601904308
21 -0.2264870197618256
22 1.3877941681832122
23 1.3432285019747772
24 1.8060359013893852
25 0.8766259279024383
26 1.676496755808417
27 0.8750930345099514
28 1.6636948146100063
29 -0.03718876578641493
30 2.541219312647163
31 0.27813455904407886
32 1.5326202075250461
33 0.003540226068568131
34 2.4154665609173676
35 0.33314045720404306
36 0.9148465366762396
37 0.9147601404447483
38 0.829461838134
39 -0.0107853925206
40 0.0671963973086
Episode: 40 Reward: 1.7876179296878285, n_steps: 150

