0 0.9409823354752578
1 -0.47673573844303296
2 0.8634031414257124

3 1.7434319209927018
4 -1.7237438031266232
5 -1.0113507921112816

6 -0.602043429430802
7 0.2743662269408431
8 -0.6246032096190556
9 -0.602043429430802
10 0.2743662269408431
11 -0.6246032096190556

12 0.09032164579096108
13 0.33100545634938083
14 0.5400847650593943
15 0.09032164579096108
16 0.33100545634938083
17 0.5400847650593943

18 -0.6173656172430925
19 0.7959599663634908

20 -1.5859952105100903
21 -1.2430329744046003

22 -0.9969758707060064
23 1.2126799862196953
24 -0.47673573844303296
25 0.8634031414257124
26 -0.6019106513687433
27 0.8300267849133423

28 0.03832459065006802
29 -0.003977829955030149
30 0.03832459065006802
31 -0.003977829955030149

32 -0.09120057059439915
33 0.04143842269305581
34 -0.09120057059439915
35 0.04143842269305581

36 1
37 1

38 100
39 0
40 0


36, 37 is fixed in one run
38 + 1 is fixed for the same obstacle
