0 0.6057599565431931
1 9.67362859303732
2 0.9505062048091395

3 -0.6292466466112082
4 1.1961288945083033
5 -0.8551282610844949

6 -0.692317764844601
7 -0.5088261591076991
8 -0.0008561484567381642
9 -0.6916104638471305
10 -0.511628720266302
11 -0.001505055663281978

12 -2.4511765085817703
13 3.172024285516472
14 0.6089775963254719
15 -2.4635209847155095
16 3.1911165499148813
17 0.6221526236435065

18 9.48201248478558
19 0.9370112713164822
20 0.9808197462868168
21 -0.7226820037065406
22 9.297251305782176
23 1.4514894851336382
24 9.67362859303732
25 0.9505062048091395
26 9.544441143037702
27 0.9601676106383265

28 9.460305295605949
29 -0.006680450486382883
30 9.461047542598815
31 -0.006908046698290982

32 9.377691566886684
33 0.10292965501078294
34 9.378133336841659
35 0.10247494047823497

36 0.9734429483513092
37 1.0238281845169175

38 100
39 0
40 0

reward: 9.65782902432475
